

50    20    10                    50                          10

[]                                []                          50    20

[]                                20    10                    []


50    20                          []                          []

10                                50                          50    20   10

[]                                20    10                    []


50                                10

10                                50

20                                20




